1 1 69282 59 1 1 1 0
2 0 66431 48 5 3 0 0
3 0 79283 54 5 2 0 0
4 1 63138 139 4 3 1 0
5 1 53620 107 3 3 0 1
6 1 76759 92 5 3 1 0
7 1 78178 60 4 2 1 0
8 1 59094 113 4 1 1 0
9 0 72120 70 3 1 1 0
10 0 54771 45 2 2 0 0
11 0 61055 60 4 3 0 0
12 0 51020 103 2 2 0 0
13 1 81366 133 5 4 1 0
14 0 72499 45 5 2 0 0
15 0 79230 63 5 1 0 0
16 1 73693 148 1 1 1 0
17 0 53160 114 4 1 0 0
18 1 82508 171 2 1 0 0
19 1 82690 100 2 1 1 0
20 1 82041 119 4 2 1 0
21 0 66046 167 5 4 1 0
22 1 51398 170 5 1 0 0
23 0 54629 148 1 1 0 0
24 0 78498 99 4 4 0 0
25 0 56860 53 5 3 0 0
26 0 81021 161 5 4 0 0
27 0 68149 94 2 1 0 0
28 0 64238 66 3 1 1 0
29 0 51512 75 3 3 1 0
30 1 58658 123 1 1 0 0
31 1 68530 166 1 1 0 0
32 1 76423 177 2 2 0 0
33 1 55807 123 3 2 1 0
34 1 81337 174 5 2 1 0
35 0 69204 84 2 1 0 0
36 1 82092 96 1 1 0 0
37 0 65039 150 4 4 0 0
38 1 81434 62 4 4 1 0
39 1 73282 159 3 3 1 0
40 1 56367 57 1 1 0 0
41 1 61308 78 3 1 0 0
42 1 62579 105 3 1 0 0
43 1 81114 76 2 1 0 0
44 0 81143 144 1 1 1 0
45 0 64077 105 1 1 1 0
46 1 61123 54 4 2 0 1
47 0 52781 55 5 1 0 0
48 1 71038 134 3 2 0 0
49 0 70142 114 2 1 1 1
50 1 62558 76 1 1 1 1
